181
113
131
540
351
362
222
82
240
520
161
200
611
221
43
32
590
310
312
70
322
21
103
580
60
623
201
302
452
280
81
432
10
150
583
601
180
472
450
541
553
501
212
160
00
51
140
02
570
191
371
442
50
480
543
203
410
391
223
211
250
390
151
331
71
420
591
202
571
31
382
462
491
41
330
573
482
603
533
53
510
350
90
270
563
511
11
220
61
110
431
271
361
132
260
170
83
360
93
231
500
152
521
461
182
193
03
593
233
470
301
230
52
381
421
172
481
372
101
402
620
261
412
73
30
210
613
62
153
20
22
143
513
502
40
290
121
01
251
142
411
173
252
162
291
13
422
380
163
311
232
92
190
42
523
610
332
80
392
621
112
551
561
320
581
370
111
12
272
183
550
471
242
352
492
430
23
63
530
213
281
490
192
91
241
401
130
133
141
120
72
451
33
460
560
600
321
102
292
441
282
123
531
300
122
262
400
100
440
171
