181
113
131
423
540
243
351
362
222
82
240
413
520
161
611
43
200
221
303
32
590
383
433
310
312
70
322
103
21
580
60
623
201
302
263
452
280
81
432
150
10
583
601
180
472
450
541
553
212
501
160
00
51
140
02
570
191
371
442
503
273
543
50
480
203
410
223
391
293
211
151
250
331
390
71
591
202
420
571
382
31
462
313
491
41
573
330
603
482
533
53
510
350
90
563
270
511
11
220
61
283
110
431
132
271
361
260
170
83
93
360
231
152
500
521
461
253
182
193
03
593
233
301
470
52
230
381
172
421
481
372
101
402
620
261
412
73
613
30
210
323
62
153
22
20
143
403
393
513
502
353
453
40
290
121
01
473
251
142
493
411
173
252
463
162
13
291
422
163
380
443
232
92
311
190
42
523
610
332
80
333
392
621
112
551
561
320
363
581
370
12
111
272
183
550
242
352
492
471
23
63
430
530
213
281
490
192
91
241
483
401
133
130
141
120
72
451
33
460
600
560
102
321
292
441
373
123
282
531
300
122
262
400
100
440
171
