231
254
461
253
243
193
294
484
592
233
574
301
222
204
214
614
481
602
611
221
303
304
261
494
433
464
513
502
453
514
201
302
263
452
473
251
493
432
194
582
601
252
463
632
284
472
291
234
443
501
212
232
504
624
274
224
191
612
442
594
621
503
273
203
581
434
272
223
471
242
492
293
211
213
591
202
634
571
281
462
491
192
241
483
512
482
454
631
474
451
622
584
264
292
441
282
511
262
283
444
604
431
572
271
244