("Let's use", 2L, 'GPUs!')
(64, 3, 7, 7)
(64,)
(64,)
(64,)
(64,)
(128, 64)
(128,)
(128,)
(32, 128, 3, 3)
(96,)
(96,)
(128, 96)
(128,)
(128,)
(32, 128, 3, 3)
(128,)
(128,)
(128, 128)
(128,)
(128,)
(32, 128, 3, 3)
(160,)
(160,)
(128, 160)
(128,)
(128,)
(32, 128, 3, 3)
(192,)
(192,)
(128, 192)
(128,)
(128,)
(32, 128, 3, 3)
(224,)
(224,)
(128, 224)
(128,)
(128,)
(32, 128, 3, 3)
(256,)
(256,)
(128, 256)
(128,)
(128,)
(128, 128)
(128,)
(128,)
(32, 128, 3, 3)
(160,)
(160,)
(128, 160)
(128,)
(128,)
(32, 128, 3, 3)
(192,)
(192,)
(128, 192)
(128,)
(128,)
(32, 128, 3, 3)
(224,)
(224,)
(128, 224)
(128,)
(128,)
(32, 128, 3, 3)
(256,)
(256,)
(128, 256)
(128,)
(128,)
(32, 128, 3, 3)
(288,)
(288,)
(128, 288)
(128,)
(128,)
(32, 128, 3, 3)
(320,)
(320,)
(128, 320)
(128,)
(128,)
(32, 128, 3, 3)
(352,)
(352,)
(128, 352)
(128,)
(128,)
(32, 128, 3, 3)
(384,)
(384,)
(128, 384)
(128,)
(128,)
(32, 128, 3, 3)
(416,)
(416,)
(128, 416)
(128,)
(128,)
(32, 128, 3, 3)
(448,)
(448,)
(128, 448)
(128,)
(128,)
(32, 128, 3, 3)
(480,)
(480,)
(128, 480)
(128,)
(128,)
(32, 128, 3, 3)
(512,)
(512,)
(256, 512)
(256,)
(256,)
(128, 256)
(128,)
(128,)
(32, 128, 3, 3)
(288,)
(288,)
(128, 288)
(128,)
(128,)
(32, 128, 3, 3)
(320,)
(320,)
(128, 320)
(128,)
(128,)
(32, 128, 3, 3)
(352,)
(352,)
(128, 352)
(128,)
(128,)
(32, 128, 3, 3)
(384,)
(384,)
(128, 384)
(128,)
(128,)
(32, 128, 3, 3)
(416,)
(416,)
(128, 416)
(128,)
(128,)
(32, 128, 3, 3)
(448,)
(448,)
(128, 448)
(128,)
(128,)
(32, 128, 3, 3)
(480,)
(480,)
(128, 480)
(128,)
(128,)
(32, 128, 3, 3)
(512,)
(512,)
(128, 512)
(128,)
(128,)
(32, 128, 3, 3)
(544,)
(544,)
(128, 544)
(128,)
(128,)
(32, 128, 3, 3)
(576,)
(576,)
(128, 576)
(128,)
(128,)
(32, 128, 3, 3)
(608,)
(608,)
(128, 608)
(128,)
(128,)
(32, 128, 3, 3)
(640,)
(640,)
(128, 640)
(128,)
(128,)
(32, 128, 3, 3)
(672,)
(672,)
(128, 672)
(128,)
(128,)
(32, 128, 3, 3)
(704,)
(704,)
(128, 704)
(128,)
(128,)
(32, 128, 3, 3)
(736,)
(736,)
(128, 736)
(128,)
(128,)
(32, 128, 3, 3)
(768,)
(768,)
(128, 768)
(128,)
(128,)
(32, 128, 3, 3)
(800,)
(800,)
(128, 800)
(128,)
(128,)
(32, 128, 3, 3)
(832,)
(832,)
(128, 832)
(128,)
(128,)
(32, 128, 3, 3)
(864,)
(864,)
(128, 864)
(128,)
(128,)
(32, 128, 3, 3)
(896,)
(896,)
(128, 896)
(128,)
(128,)
(32, 128, 3, 3)
(928,)
(928,)
(128, 928)
(128,)
(128,)
(32, 128, 3, 3)
(960,)
(960,)
(128, 960)
(128,)
(128,)
(32, 128, 3, 3)
(992,)
(992,)
(128, 992)
(128,)
(128,)
(32, 128, 3, 3)
(1024,)
(1024,)
(512, 1024)
(512,)
(512,)
(128, 512)
(128,)
(128,)
(32, 128, 3, 3)
(544,)
(544,)
(128, 544)
(128,)
(128,)
(32, 128, 3, 3)
(576,)
(576,)
(128, 576)
(128,)
(128,)
(32, 128, 3, 3)
(608,)
(608,)
(128, 608)
(128,)
(128,)
(32, 128, 3, 3)
(640,)
(640,)
(128, 640)
(128,)
(128,)
(32, 128, 3, 3)
(672,)
(672,)
(128, 672)
(128,)
(128,)
(32, 128, 3, 3)
(704,)
(704,)
(128, 704)
(128,)
(128,)
(32, 128, 3, 3)
(736,)
(736,)
(128, 736)
(128,)
(128,)
(32, 128, 3, 3)
(768,)
(768,)
(128, 768)
(128,)
(128,)
(32, 128, 3, 3)
(800,)
(800,)
(128, 800)
(128,)
(128,)
(32, 128, 3, 3)
(832,)
(832,)
(128, 832)
(128,)
(128,)
(32, 128, 3, 3)
(864,)
(864,)
(128, 864)
(128,)
(128,)
(32, 128, 3, 3)
(896,)
(896,)
(128, 896)
(128,)
(128,)
(32, 128, 3, 3)
(928,)
(928,)
(128, 928)
(128,)
(128,)
(32, 128, 3, 3)
(960,)
(960,)
(128, 960)
(128,)
(128,)
(32, 128, 3, 3)
(992,)
(992,)
(128, 992)
(128,)
(128,)
(32, 128, 3, 3)
(1024,)
(1024,)
(240, 1024)
(240,)
0.004 -> 553
0.004 -> 13
0.004 -> 452
0.004 -> 282
0.004 -> 530
((1, 1024, 7, 7), (240, 1024), [40])
output CAM.jpg for the top1 prediction: 553
